19
1 740 60 255 0 0 1 0 1
0
2 560 405 92 133 162 1 0 1
0
2 615 380 92 133 162 1 0 1
0
3 60 210 255 0 255 1 0 1
0
3 160 400 54 101 58 1 0 1
0
3 160 365 54 101 58 1 0 1
0
3 160 335 54 101 58 1 0 1
0
3 285 400 87 127 132 1 0 1
0
3 285 360 87 127 132 1 0 1
0
3 285 320 87 127 132 1 0 1
0
1 490 160 0 255 255 1 0 1
0
2 585 350 92 133 162 1 0 1
0
2 595 425 92 133 162 1 0 1
0
3 225 400 52 77 107 1 0 1
0
3 225 360 52 77 107 1 0 1
0
3 225 325 52 77 107 1 0 1
0
3 100 400 172 31 27 1 0 1
0
3 100 365 172 31 27 1 0 1
0
3 100 330 172 31 27 1 0 1
0
