26
1 675 380 0 0 255 1 0 1
0
2 560 405 78 113 134 1 0 1
0
2 615 380 78 113 134 1 0 1
0
3 620 295 255 0 0 1 0 1
0
3 160 400 161 23 172 1 0 1
0
3 160 365 161 23 172 1 0 1
0
3 160 335 161 23 172 1 0 1
0
3 285 400 32 36 40 1 0 1
0
3 285 360 32 36 40 1 0 1
0
3 285 320 32 36 40 1 0 1
0
1 525 350 0 255 255 1 0 1
0
2 585 350 78 113 134 1 0 1
0
2 595 425 78 113 134 1 0 1
0
3 225 400 149 153 71 1 0 1
0
3 225 360 149 153 71 1 0 1
0
3 225 325 149 153 71 1 0 1
0
3 100 400 115 60 58 1 0 1
0
3 100 365 115 60 58 1 0 1
0
3 100 330 115 60 58 1 0 1
0
3 335 310 32 36 40 1 0 1
0
3 335 280 32 36 40 1 0 1
0
3 335 245 32 36 40 1 0 1
0
3 200 260 161 23 25 1 0 1
0
3 200 230 161 23 25 1 0 1
0
3 200 200 161 23 25 1 0 1
0
2 430 105 255 169 84 1 0 1
0
